Biases = [array([[-1.52356296],
       [ 5.03739455],
       [-0.30382815],
       [ 2.84732436],
       [-6.51038846]]), array([[ -7.86800006],
       [-13.67460243],
       [-15.55818189],
       [ -7.98159098],
       [ -4.14880413],
       [ -2.98084271],
       [-12.4452083 ],
       [  1.72081284],
       [ -9.24889572],
       [ -2.21506624]])]weights = [array([[-0.06532469, -0.86724381,  0.17025074, ..., -1.38667414,
         0.12778114,  0.20793973],
       [-0.30461978,  0.41814435,  0.85613443, ..., -0.18305039,
        -1.09198379, -0.64217944],
       [-0.74187834, -0.63244662,  0.61392149, ...,  1.03329813,
         0.39167894, -0.62020035],
       [ 0.09858766, -0.06111185, -1.10954246, ...,  0.71764694,
        -1.20757871,  1.44986795],
       [ 1.99690286, -0.93127631, -0.88302641, ..., -0.59521824,
         0.8687787 , -0.23077395]]), array([[  4.29727535e+00,  -6.59632542e+00,   5.93704039e+00,
         -2.49736472e+00,  -5.61884707e+00],
       [  2.74692680e+00,   6.09711079e+00,  -6.47861093e+00,
          4.48983744e+00,   3.20432676e+00],
       [  3.56354651e+00,  -5.26891991e-01,   5.96438241e+00,
          4.65886467e+00,   4.00515872e+00],
       [  5.62031000e+00,  -5.85046547e+00,  -4.66616870e+00,
          4.88508965e+00,  -8.71847252e-01],
       [ -5.30538887e+00,   5.07525120e+00,  -4.61831218e-01,
         -4.05415595e+00,   1.49411038e+00],
       [  4.76409210e+00,   8.01349764e-01,  -5.59135842e+00,
         -4.03419772e+00,  -4.38372393e+00],
       [  4.96229900e+00,   5.99913824e+00,   4.42319099e+00,
         -4.82141335e+00,  -3.62424335e-01],
       [ -1.03733666e+01,  -2.97306030e+00,  -6.85803061e-01,
          5.22276368e+00,  -5.06044701e+00],
       [  5.77415746e+00,  -2.79027600e+00,  -2.69800703e+00,
         -4.76543290e+00,   5.48829220e+00],
       [ -5.83795210e+00,  -5.15911208e+00,   9.87302178e-03,
         -4.96460145e+00,   4.70412944e+00]])]